Wavelength(um) Flux(MJy/sr)
6.420500076317694 547.9387656837885
6.4215000763651915 549.2827194357825
6.422500076412689 551.8432901480287
6.423500076460186 552.0446346678107
6.424500076507684 551.5150469998902
6.425500076555181 548.8622467523387
6.426500076602679 548.7237536136244
6.427500076650176 549.7879981040495
6.428500076697674 548.7107808752387
6.429500076745171 548.2857600395599
6.4305000767926686 546.9589414129705
6.431500076840166 547.4058702652142
6.4325000768876635 550.6300988642013
6.433500076935161 552.1386433269751
6.434500076982658 552.1177974016139
6.435500077030156 551.368891723516
6.436500077077653 551.7396208382672
6.437500077125151 553.1555445585618
6.438500077172648 551.948782553408
6.439500077220146 550.7634811012883
6.440500077267643 549.0882113588715
6.4415000773151405 548.7979171033128
6.442500077362638 550.021079040541
6.443500077410135 550.2641628861036
6.444500077457633 551.1373379122425
6.44550007750513 551.3827765834912
6.446500077552628 551.9928617389033
6.447500077600125 553.9506646069796
6.448500077647623 553.8877009141606
6.44950007769512 553.0019958050939
6.450500077742618 550.7991305345264
6.451500077790115 549.8277213292291
6.4525000778376125 550.3154075778394
6.45350007788511 549.7545872757014
6.454500077932607 549.4167685769085
6.455500077980105 549.4895136595984
6.456500078027602 550.0260479407236
6.4575000780751 551.6541668144772
6.458500078122597 552.5580136974593
6.459500078170095 552.8810588014969
6.460500078217592 552.7724005465105
6.4615000782650895 552.4037294856759
6.462500078312587 551.9806137355046
6.4635000783600844 550.8142307846128
6.464500078407582 550.1116326951094
6.465500078455079 549.9686668306307
6.466500078502577 548.9913469889054
6.467500078550074 549.2742101447234
6.468500078597572 549.4752805398076
6.469500078645069 550.202474233922
6.470500078692567 552.0219468237925
6.471500078740064 552.5327684514598
6.4725000787875615 553.2762158512871
6.473500078835059 552.6705201070964
6.474500078882556 551.9267644602969
6.475500078930054 551.7798689989016
6.476500078977551 550.7059959778347
6.477500079025049 550.349534605587
6.478500079072546 549.2612965158476
6.479500079120044 549.0207861212738
6.480500079167541 550.7879133222052
6.481500079215039 551.5368064908488
6.482500079262536 552.9560555089621
6.4835000793100335 552.5679627759781
6.484500079357531 552.0123634637004
6.485500079405028 552.968810453053
6.486500079452526 551.8002460887672
6.487500079500023 552.261216340213
6.488500079547521 551.0316508585391
6.489500079595018 550.0446040676079
6.490500079642516 550.4734121352536
6.491500079690013 550.5570198245925
6.4925000797375105 553.0987939288003
6.493500079785008 553.3648582828349
6.494500079832505 554.2018092696875
6.495500079880003 556.3220385736925
6.4965000799275 556.924492499836
6.497500079974998 559.2365310801731
6.498500080022495 558.1273744299552
6.499500080069993 557.1187604766393
6.50050008011749 557.045302242047
6.501500080164988 556.2792879704807
6.502500080212485 557.7293238345321
6.5035000802599825 556.9832186254642
6.50450008030748 557.8184203880153
6.505500080354977 559.0819350939898
6.506500080402475 559.6519235464056
6.507500080449972 562.1241529444097
6.50850008049747 562.3452178085978
6.509500080544967 562.7797418563279
6.510500080592465 562.2896561108931
6.511500080639962 561.5882065950825
6.51250008068746 562.1093726222455
6.513500080734957 560.926855759019
6.5145000807824545 560.7263566970856
6.515500080829952 559.9550170149287
6.516500080877449 560.0271229184602
6.517500080924947 562.2366072268269
6.518500080972444 563.1238502115765
6.519500081019942 564.39154683601
6.520500081067439 563.7385089322706
6.521500081114937 563.7565512847442
6.522500081162434 564.3826018212834
6.5235000812099315 563.5143477309613
6.524500081257429 563.8168982780752
6.525500081304926 561.9454326683892
6.526500081352424 560.5886817710485
6.527500081399921 560.163792978809
6.528500081447419 558.7832072677685
6.529500081494916 559.3746870621526
6.530500081542414 559.6335269405164
6.531500081589911 560.4378624761216
6.532500081637409 561.5952473657552
6.533500081684906 561.5203971450583
6.5345000817324035 561.9435124683382
6.535500081779901 560.7523602598656
6.536500081827398 559.7504261240846
6.537500081874896 558.491280176258
6.538500081922393 557.3469832157407
6.539500081969891 555.8159200482911
6.540500082017388 554.5152161901063
6.541500082064886 555.3537861231673
6.542500082112383 555.8428677710949
6.5435000821598805 556.0533331620373
6.544500082207378 556.9629307822834
6.5455000822548755 557.1297099466386
6.546500082302373 557.0224068248724
6.54750008234987 557.0971240025265
6.548500082397368 556.9905643319958
6.549500082444865 556.0825173766104
6.550500082492363 554.7805149785712
6.55150008253986 554.0471955245562
6.552500082587358 553.4367514852116
6.553500082634855 553.802775979134
6.5545000826823525 553.7303557400022
6.55550008272985 554.4548166128345
6.556500082777347 555.9773981909445
6.557500082824845 557.1861473621293
6.558500082872342 558.0882438734694
6.55950008291984 557.6880649140974
6.560500082967337 557.5789464430625
6.561500083014835 556.5594762779247
6.562500083062332 556.0359736015399
6.56350008310983 556.198500359549
6.564500083157327 555.1442026247416
6.5655000832048245 554.460120747956
6.566500083252322 554.288508828086
6.567500083299819 555.8371446496014
6.568500083347317 557.736186350056
6.569500083394814 558.8522258142693
6.570500083442312 559.4505329135196
6.571500083489809 558.8162436393686
6.572500083537307 559.4244394600166
6.573500083584804 560.1069739887831
6.5745000836323015 559.8080653058621
6.575500083679799 558.5272394251904
6.576500083727296 556.3633210676525
6.577500083774794 556.307051960721
6.578500083822291 556.7767334105561
6.579500083869789 557.5599995523226
6.580500083917286 557.5416666580948
6.581500083964784 556.716267202549
6.582500084012281 556.4813811192184
6.583500084059779 556.0961906377447
6.584500084107276 557.4993352679214
6.5855000841547735 557.577979204528
6.586500084202271 555.8260169577693
6.587500084249768 554.3878789866104
6.588500084297266 551.7397874097511
6.589500084344763 551.1618875176474
6.590500084392261 551.055125607309
6.591500084439758 550.4865890994876
6.592500084487256 549.922416009781
6.593500084534753 549.6167413228619
6.594500084582251 550.8988919986986
6.595500084629748 552.1341606998692
6.5965000846772455 553.1709438888666
6.597500084724743 553.0417324084603
6.59850008477224 551.2006614813815
6.599500084819738 550.7450429587852
6.600500084867235 549.2762140176767
6.601500084914733 548.6089704090931
6.60250008496223 547.382228682113
6.603500085009728 545.1756716688296
6.604500085057225 544.8160143401134
6.6055000851047225 544.0591131180037
6.60650008515222 545.2673860324248
6.607500085199717 546.2365916747582
6.608500085247215 546.7979492165039
6.609500085294712 547.3723238558254
6.61050008534221 547.1477953131154
6.611500085389707 547.7888196855927
6.612500085437205 547.7673419394564
6.613500085484702 547.890496919306
6.6145000855322 546.918941210807
6.615500085579697 545.7246500328407
6.6165000856271945 546.0312831518768
6.617500085674692 546.4946513404259
6.618500085722189 548.4395548500644
6.619500085769687 550.150267965347
6.620500085817184 551.2894403074675
6.621500085864682 552.3164717099423
6.622500085912179 552.3754913910852
6.623500085959677 552.7579253331033
6.624500086007174 552.2970387892746
6.6255000860546716 552.3830208857864
6.626500086102169 551.571872157033
6.6275000861496665 550.1956305839234
6.628500086197164 549.3360778343839
6.629500086244661 548.0967079635449
6.630500086292159 548.377521863582
6.631500086339656 549.195286025661
6.632500086387154 550.5768645188947
6.633500086434651 552.2693122488946
6.634500086482149 553.0708411041076
6.635500086529646 554.1904631414245
6.6365000865771435 554.3818221482096
6.637500086624641 554.7223110128646
6.638500086672138 554.1443820732433
6.639500086719636 552.6644380169787
6.640500086767133 550.8457657477791
6.641500086814631 549.0233300943333
6.642500086862128 548.6174567942953
6.643500086909626 548.1535442753328
6.644500086957123 548.5221197471038
6.645500087004621 548.9179554603353
6.646500087052118 548.698352398576
6.6475000870996155 548.956467460757
6.648500087147113 548.5984948315458
6.64950008719461 549.4432908718285
6.650500087242108 548.733067091419
6.651500087289605 547.6546938965
6.652500087337103 546.0127420745027
6.6535000873846 543.4298391518328
6.654500087432098 542.5977156320112
6.655500087479595 541.6575446147828
6.6565000875270925 542.0634178012026
6.65750008757459 541.6406882521045
6.6585000876220874 541.3834898454601
6.659500087669585 542.0716701679769
6.660500087717082 542.4550723249362
6.66150008776458 543.8219264957933
6.662500087812077 543.5768915144034
6.663500087859575 543.0683351745444
6.664500087907072 541.4311079718979
6.66550008795457 539.2813980172411
6.666500088002067 538.6944864100265
6.6675000880495645 537.8340363881674
6.668500088097062 537.9060173265233
6.669500088144559 536.7492764901191
6.670500088192057 536.6076701587042
6.671500088239554 537.5119807007567
6.672500088287052 538.0899689362018
6.673500088334549 539.5949661838642
6.674500088382047 539.7023832221126
6.675500088429544 539.8142710423917
6.676500088477042 538.9354636603291
6.677500088524539 538.0859794058358
6.6785000885720365 537.8858406684251
6.679500088619534 536.3275119256608
6.680500088667031 535.3995185440186
6.681500088714529 534.387912172571
6.682500088762026 534.5224549072562
6.683500088809524 534.4160359693792
6.684500088857021 535.7874182131626
6.685500088904519 537.8924528347665
6.686500088952016 537.982047147071
6.6875000889995135 538.3554689708635
6.688500089047011 538.411645828566
6.689500089094508 538.5189164556099
6.690500089142006 538.0907803549338
6.691500089189503 537.2339288236587
6.692500089237001 536.2073607578229
6.693500089284498 534.83924880557
6.694500089331996 533.834888871999
6.695500089379493 533.1687684020615
6.696500089426991 533.8512214677329
6.697500089474488 535.4242211240227
6.6985000895219855 536.6808543448717
6.699500089569483 537.9468350832369
6.70050008961698 539.148300205067
6.701500089664478 540.3725037886928
6.702500089711975 541.1023059841333
6.703500089759473 541.1915739220188
6.70450008980697 541.000030006781
6.705500089854468 540.6019965181058
6.706500089901965 540.5767533420196
6.707500089949463 540.8603390144434
6.70850008999696 541.2698779275626
6.7095000900444575 542.1033913023866
6.710500090091955 543.7050748682203
6.711500090139452 545.1049754210959
6.71250009018695 546.8419202933148
6.713500090234447 549.0833996156729
6.714500090281945 549.9039618740179
6.715500090329442 550.3158728057678
6.71650009037694 550.1538385476198
6.717500090424437 550.6641075894414
6.7185000904719345 550.4994744085932
6.719500090519432 549.9018910914998
6.720500090566929 549.7828567161074
6.721500090614427 550.2070088954032
6.722500090661924 551.5546088052602
6.723500090709422 551.7822078119196
6.724500090756919 554.2877431808959
6.725500090804417 556.5097689169955
6.726500090851914 558.3583927688788
6.727500090899412 559.7425848493842
6.728500090946909 559.5083537499058
6.7295000909944065 559.8272108277425
6.730500091041904 558.8469179444894
6.731500091089401 558.4896551581257
6.732500091136899 557.4467557319501
6.733500091184396 556.6900763651956
6.734500091231894 556.7234530946464
6.735500091279391 555.6443003989245
6.736500091326889 557.1444456171663
6.737500091374386 558.1668911375305
6.7385000914218836 560.4101465515026
6.739500091469381 562.0305378320296
6.7405000915168785 562.7610527142695
6.741500091564376 563.3440105512504
6.742500091611873 562.2759929277262
6.743500091659371 562.0194079494157
6.744500091706868 560.2674893548466
6.745500091754366 560.0832078872991
6.746500091801863 560.0868295146973
6.747500091849361 558.9889588706599
6.748500091896858 559.5511271566031
6.7495000919443555 558.8109798552323
6.750500091991853 560.6140101336616
6.75150009203935 562.1182231041926
6.752500092086848 563.293026873784
6.753500092134345 564.6615233730975
6.754500092181843 564.2348063992666
6.75550009222934 565.7532682328472
6.756500092276838 565.1256625734967
6.757500092324335 564.9631832724709
6.758500092371833 564.0327564031232
6.75950009241933 562.7954457385796
6.7605000924668275 562.0282846484893
6.761500092514325 560.5419803097349
6.762500092561822 561.9718801656452
6.76350009260932 562.2710123861771
6.764500092656817 564.0226072615459
6.765500092704315 565.5522994470401
6.766500092751812 566.2522825751787
6.76750009279931 568.1412360613934
6.768500092846807 568.1609873431372
6.7695000928943045 568.9956740612078
6.770500092941802 568.39609039948
6.7715000929892994 568.1173733235145
6.772500093036797 567.2361525676304
6.773500093084294 565.6106020889115
6.774500093131792 565.0765190121739
6.775500093179289 564.0998137044775
6.776500093226787 564.9989571723305
6.777500093274284 566.2419866055739
6.778500093321782 567.0922665813529
6.779500093369279 568.2565772823609
6.7805000934167765 568.912082226542
6.781500093464274 570.5693451169111
6.782500093511771 571.49772049651
6.783500093559269 571.6042263465757
6.784500093606766 570.7353510509505
6.785500093654264 569.2683973032357
6.786500093701761 568.5840502323377
6.787500093749259 567.2835687994939
6.788500093796756 566.8803076262295
6.789500093844254 567.048355768777
6.790500093891751 566.7008105734873
6.7915000939392485 566.5662761386222
6.792500093986746 566.6088638297217
6.793500094034243 566.9530566791871
6.794500094081741 567.142290184406
6.795500094129238 567.175342416153
6.796500094176736 566.5754591428981
6.797500094224233 564.6841549516529
6.798500094271731 562.9581053365455
6.799500094319228 560.4508016827264
6.8005000943667255 558.8649232520572
6.801500094414223 556.9052872081809
6.80250009446172 555.2133136002575
6.803500094509218 554.5836263834377
6.804500094556715 553.3725270663948
6.805500094604213 553.6056821964863
6.80650009465171 553.5552446163728
6.807500094699208 554.7739783818573
6.808500094746705 555.288835053312
6.809500094794203 554.7215876769271
6.8105000948417 554.151909799607
6.8115000948891975 551.9296491269765
6.812500094936695 551.222993622128
6.813500094984192 548.8073068177754
6.81450009503169 547.24756962729
6.815500095079187 546.0057582019418
6.816500095126685 544.0217228278276
6.817500095174182 543.5919748302233
6.81850009522168 542.303445933081
6.819500095269177 543.4073575046554
6.820500095316675 543.7135575603918
6.821500095364172 544.4440481955759
6.8225000954116695 545.1410720865894
6.823500095459167 544.5466606344812
6.824500095506664 544.1610181425172
6.825500095554162 542.3113305256074
6.826500095601659 541.4553677136274
6.827500095649157 538.9326014938164
6.828500095696654 537.8084415079217
6.829500095744152 536.9146115225159
6.830500095791649 536.0394349938505
6.8315000958391465 536.5675749230937
6.832500095886644 535.7338344625205
6.833500095934141 536.8366229725442
6.834500095981639 536.7106110650961
6.835500096029136 537.4784613689183
6.836500096076634 538.2586017940738
6.837500096124131 537.7513198486824
6.838500096171629 537.6324471841856
6.839500096219126 535.1021781277058
6.840500096266624 533.8537528969204
6.841500096314121 531.2653798724048
6.8425000963616185 530.2771252850777
6.843500096409116 529.2395346254624
6.844500096456613 528.2349632089091
6.845500096504111 528.7787031568893
6.846500096551608 528.1378852666853
6.847500096599106 529.3993962099437
6.848500096646603 529.7406832036417
6.849500096694101 530.7409154252626
6.850500096741598 530.9037253137158
6.8515000967890956 530.2843934432631
6.852500096836593 529.4433820869353
6.8535000968840905 526.6842473399889
6.854500096931588 525.2983485360112
6.855500096979085 522.9044562318228
6.856500097026583 521.818368066336
6.85750009707408 520.655737829767
6.858500097121578 519.6139719107574
6.859500097169075 519.8204378045525
6.860500097216573 519.3989302030677
6.86150009726407 520.3894432223032
6.8625000973115675 520.7055968411096
6.863500097359065 521.7363871399612
6.864500097406562 521.8500600447956
6.86550009745406 521.0738535843624
6.866500097501557 519.9678967895935
6.867500097549055 517.794239507351
6.868500097596552 516.4480366943454
6.86950009764405 514.0693314423227
6.870500097691547 512.4296559780244
6.871500097739045 511.10783010079024
6.872500097786542 510.9177046442798
6.8735000978340395 511.20156197380595
6.874500097881537 511.1529125741075
6.875500097929034 512.2650257477329
6.876500097976532 512.0829175088536
6.877500098024029 512.3825521188558
6.878500098071527 511.8556315807195
6.879500098119024 511.41353523055443
6.880500098166522 510.8934849012986
6.881500098214019 509.09004121079636
6.8825000982615165 508.4507645344201
6.883500098309014 507.1846717761847
6.884500098356511 506.2241256028651
6.885500098404009 505.13174805136003
6.886500098451506 505.5924277479716
6.887500098499004 506.72856677750934
6.888500098546501 507.3529871436084
6.889500098593999 508.462853217567
6.890500098641496 509.18800305878085
6.891500098688994 510.907193507254
6.892500098736491 510.98010625004946
6.8935000987839885 510.8635248303851
6.894500098831486 510.9254302492918
6.895500098878983 509.9193436146765
6.896500098926481 509.115379138663
6.897500098973978 507.56057404303283
6.898500099021476 507.6124920069158
6.899500099068973 507.07621063483356
6.900500099116471 507.9614311445902
6.901500099163968 509.0983345902128
6.902500099211466 509.9521672288882
6.903500099258963 511.61948053215076
6.9045000993064605 512.001041591793
6.905500099353958 514.0140558148996
6.906500099401455 514.8565661778891
6.907500099448953 515.1650976963173
6.90850009949645 514.2836841724967
6.909500099543948 512.8646315869051
6.910500099591445 511.66933035417566
6.911500099638943 510.367019702062
6.91250009968644 510.98454089919574
6.9135000997339375 510.5444222645737
6.914500099781435 512.2641789210028
6.915500099828932 513.9401909290708
6.91650009987643 516.3366939403656
6.917500099923927 518.3479324498909
6.918500099971425 519.550255557475
6.919500100018922 521.3201204433541
6.92050010006642 521.9081598908641
6.921500100113917 523.2981621764877
6.922500100161415 522.961739679486
6.923500100208912 523.0501396928091
6.9245001002564095 522.0820042800043
6.925500100303907 521.1545071952248
6.926500100351404 520.9897590055082
6.927500100398902 520.5123307217501
6.928500100446399 522.3017628491873
6.929500100493897 523.3944954483633
6.930500100541394 526.5898245448847
6.931500100588892 528.3180528417454
6.932500100636389 530.2988330606813
6.933500100683887 531.1298727950362
6.934500100731384 532.0431064484317
6.9355001007788815 532.539026810908
6.936500100826379 531.8186549194685
6.937500100873876 532.0339303003631
6.938500100921374 528.5113189389803
6.939500100968871 522.6757719216599
6.940500101016369 520.9371198868939
6.941500101063866 518.1019797326885
6.942500101111364 522.725526522383
6.943500101158861 529.2821470558539
6.9445001012063585 531.7045740202971
6.945500101253856 532.0545834409163
6.946500101301353 533.0703426573824
6.947500101348851 532.5572461713543
6.948500101396348 533.8721957044007
6.949500101443846 534.5590516809318
6.950500101491343 534.7753364638168
6.951500101538841 533.3646376117698
6.952500101586338 531.8844541461725
6.953500101633836 531.9507047938343
6.954500101681333 530.1143815108057
6.9555001017288305 530.1016124403834
6.956500101776328 528.6377831412972
6.957500101823825 529.0399097088546
6.958500101871323 530.6722294245815
6.95950010191882 532.040773531637
6.960500101966318 534.4482653962472
6.961500102013815 534.6038098277553
6.962500102061313 535.8117852510206
6.96350010210881 536.0903235721019
6.9645001021563075 536.65156992073
6.965500102203805 535.398908211
6.9665001022513025 535.0179305244204
6.9675001022988 532.7636352177891
6.968500102346297 530.8798354993997
6.969500102393795 530.4656908711758
6.970500102441292 529.6562846497067
6.97150010248879 530.2613698122678
6.972500102536287 529.2012049172898
6.973500102583785 530.3776045182798
6.974500102631282 529.9277452145258
6.9755001026787795 530.7765836751258
6.976500102726277 530.9023949665274
6.977500102773774 530.0312457560258
6.978500102821272 528.8056911926441
6.979500102868769 525.8953613642931
6.980500102916267 524.0357400423482
6.981500102963764 521.0082980386875
6.982500103011262 519.5103672632812
6.983500103058759 516.5634618402036
6.984500103106257 515.5909255342615
6.985500103153754 515.1127011338247
6.9865001032012515 515.2770709948677
6.987500103248749 515.1208671440316
6.988500103296246 514.5646500195522
6.989500103343744 515.4357184437408
6.990500103391241 514.5797943256417
6.991500103438739 514.3870894634474
6.992500103486236 513.2144164270302
6.993500103533734 512.6975576488696
6.994500103581231 510.69692314432945
6.9955001036287285 508.4613136451445
6.996500103676226 506.01717147242726
6.997500103723723 503.089813960724
6.998500103771221 501.93778030289633
6.999500103818718 500.2982574587821
7.000500103866216 500.2891392647995
7.001500103913713 500.1327944258188
7.002500103961211 501.05318007751373
7.003500104008708 502.52209399959037
7.004500104056206 503.2378379991162
7.005500104103703 503.83317274995295
7.0065001041512005 503.7274698610022
7.007500104198698 503.8390644205883
7.008500104246195 502.55361829556426
7.009500104293693 501.8205524848645
7.01050010434119 500.5009280100527
7.011500104388688 499.2293941156207
7.012500104436185 497.916756682998
7.013500104483683 497.87896299285165
7.01450010453118 498.32739920279977
7.015500104578678 498.2582506644808
7.016500104626175 499.1557280021369
7.0175001046736725 500.17708477002805
7.01850010472117 501.19714386947
7.019500104768667 502.15004509966656
7.020500104816165 502.84706226037775
7.021500104863662 502.9726107370665
7.02250010491116 501.5161162808566
7.023500104958657 500.43043586420816
7.024500105006155 499.0195355211179
7.025500105053652 497.5897457245363
7.0265001051011495 496.14120414418846
7.027500105148647 495.594939876649
7.028500105196144 495.47560773682784
7.029500105243642 495.965407462124
7.030500105291139 497.62659747892127
7.031500105338637 498.38303974128763
7.032500105386134 499.62506319519673
7.033500105433632 500.70934154606823
7.034500105481129 501.4321717972977
7.035500105528627 500.99887209831303
7.036500105576124 500.60028945114516
7.0375001056236215 499.79711604271756
7.038500105671119 498.1354712399377
7.039500105718616 497.5203046428557
7.040500105766114 495.50701649063876
7.041500105813611 495.1388863337328
7.042500105861109 494.0794226050652
7.043500105908606 494.675854521749
7.044500105956104 495.38702753045163
7.045500106003601 496.8469191934571
7.0465001060510986 497.4725054005656
7.047500106098596 497.5883045459699
7.0485001061460935 498.4633975460388
7.049500106193591 497.826307888477
7.050500106241088 497.78119139918493
7.051500106288586 496.28220724767505
7.052500106336083 495.83910076328965
7.053500106383581 494.0666840076168
7.054500106431078 493.017535588922
7.055500106478576 491.49497280418535
7.056500106526073 491.0317328112141
7.0575001065735705 491.24160955364624
7.058500106621068 491.0261850573811
7.059500106668565 492.3552854489192
7.060500106716063 492.8514679216881
7.06150010676356 495.30584357619557
7.062500106811058 496.3563914669685
7.063500106858555 498.2660307411027
7.064500106906053 498.79379243271404
7.06550010695355 499.3306254834005
7.066500107001048 499.42183592727656
7.067500107048545 499.01883029408526
7.0685001070960425 499.2707907070451
7.06950010714354 497.75566220113205
7.070500107191037 498.546304664599
7.071500107238535 498.32488888277055
7.072500107286032 500.82743824366446
7.07350010733353 501.82772617408887
7.074500107381027 504.65239862178225
7.075500107428525 506.58973349133373
7.076500107476022 508.74392468755997
7.0775001075235195 510.3120343169893
7.078500107571017 510.94747742568785
7.0795001076185144 512.2786626845991
7.080500107666012 511.71747238634094
7.081500107713509 512.3680964554217
7.082500107761007 511.07495128726424
7.083500107808504 511.76315707270805
7.084500107856002 510.46659823876644
7.085500107903499 511.64402596302165
7.086500107950997 512.2353931343712
7.087500107998494 513.8525889420251
7.0885001080459915 515.8892780510649
7.089500108093489 516.8109950921299
7.090500108140986 518.6093678710689
7.091500108188484 517.5150840521293
7.092500108235981 512.5887593815734
7.093500108283479 496.25708231827605
7.094500108330976 500.2007535035159
7.095500108378474 513.7523288366322
7.096500108425971 513.2465853625331
7.097500108473469 511.0709726025548
7.098500108520966 502.0437455329412
7.0995001085684635 488.1939441663953
7.100500108615961 501.4403926478436
7.101500108663458 508.3515616104874
7.102500108710956 508.87328437633744
7.103500108758453 510.66708746395454
7.104500108805951 510.73593978417426
7.105500108853448 512.3172208609759
7.106500108900946 511.52587247335174
7.107500108948443 512.0570921622668
7.1085001089959405 511.2064016987505
7.109500109043438 510.2889590749668
7.110500109090935 508.62230235905946
7.111500109138433 506.5427129640447
7.11250010918593 505.6860645472929
7.113500109233428 503.97263301839314
7.114500109280925 503.96109436073044
7.115500109328423 502.15685139169756
7.11650010937592 503.47609700933384
7.117500109423418 503.36496271662287
7.118500109470915 504.855176061507
7.1195001095184125 505.11931863408364
7.12050010956591 506.018098127289
7.121500109613407 505.90241013173653
7.122500109660905 505.3457229878877
7.123500109708402 504.5601663285525
7.1245001097559 502.5381484119519
7.125500109803397 501.26191735117743
7.126500109850895 498.0968937278143
7.127500109898392 496.9054818654229
7.12850010994589 494.52540966604727
7.129500109993387 494.2771076955059
7.1305001100408845 493.3890259625714
7.131500110088382 494.64426408421997
7.132500110135879 495.0277179631978
7.133500110183377 495.7770805547674
7.134500110230874 496.45658234565195
7.135500110278372 496.28077429295706
7.136500110325869 496.3359073332826
7.137500110373367 495.18961498781965
7.138500110420864 494.8259721134348
7.1395001104683615 491.97662980642144
7.140500110515859 490.47845512924715
7.141500110563356 487.88895511847664
7.142500110610854 486.65580222551364
7.143500110658351 484.4620539932679
7.144500110705849 484.4037802017615
7.145500110753346 483.9381866185023
7.146500110800844 484.12314080506013
7.147500110848341 484.95016507163746
7.148500110895839 485.31795250283443
7.149500110943336 486.3290037482614
7.1505001109908335 485.6807557704641
7.151500111038331 485.6936959015453
7.152500111085828 485.2219571019167
7.153500111133326 485.03173319429396
7.154500111180823 482.8132144002593
7.155500111228321 481.3349336880056
7.156500111275818 480.2065544809787
7.157500111323316 479.1614364023627
7.158500111370813 478.8778199456181
7.1595001114183106 478.4043193880731
7.160500111465808 478.9905101823757
7.1615001115133055 479.47711728937327
7.162500111560803 480.8183608809522
7.1635001116083 481.72387780462697
7.164500111655798 482.94342982388656
7.165500111703295 483.3646407885904
7.166500111750793 483.5040155657146
7.16750011179829 482.940570823406
7.168500111845788 482.15577698818066
7.169500111893285 481.07680896001006
7.1705001119407825 478.98502706862917
7.17150011198828 478.0105390944442
7.172500112035777 476.56841555395727
7.173500112083275 476.6677876882563
7.174500112130772 476.5113316323062
7.17550011217827 477.23903960133276
7.176500112225767 477.78242194968124
7.177500112273265 479.3635285161413
7.178500112320762 480.6415874564019
7.17950011236826 481.7219068706335
7.180500112415757 482.4294109115586
7.1815001124632545 482.40605556816894
7.182500112510752 482.61992260155296
7.183500112558249 481.6661335463231
7.184500112605747 481.20082155709565
7.185500112653244 479.2803006734443
7.186500112700742 477.95085772884164
7.187500112748239 476.28908376309266
7.188500112795737 475.82072392469104
7.189500112843234 475.69938829535243
7.1905001128907315 476.12025688128784
7.191500112938229 477.26318211432846
7.1925001129857264 478.1365172100735
7.193500113033224 480.0667828935372
7.194500113080721 480.8822614851391
7.195500113128219 482.31375865481755
7.196500113175716 482.4961438066191
7.197500113223214 483.01148681931085
7.198500113270711 482.119055919057
7.199500113318209 481.6059425072188
7.200500113365706 479.6795515568851
7.2015001134132035 478.4348670876374
7.202500113460701 476.405847111596
7.203500113508198 475.54143809917633
7.204500113555696 475.6336155171232
7.205500113603193 475.5694280066045
7.206500113650691 477.10227446176464
7.207500113698188 478.4858052135398
7.208500113745686 480.8233170896959
7.209500113793183 481.53497004990766
7.210500113840681 482.4721919174537
7.211500113888178 482.3330816090414
7.2125001139356755 482.46864639481606
7.213500113983173 481.812065680785
7.21450011403067 481.2120975775125
7.215500114078168 479.94876950988277
7.216500114125665 478.7487466415579
7.217500114173163 477.9538412172033
7.21850011422066 477.81332225097606
7.219500114268158 478.5617354266393
7.220500114315655 479.1928516413703
7.2215001143631525 480.98340155627574
7.22250011441065 482.59640463155984
7.223500114458147 484.4376434940243
7.224500114505645 485.45094857779617
7.225500114553142 487.06676254895916
7.22650011460064 487.8584023289021
7.227500114648137 488.65705963470333
7.228500114695635 488.09351241619936
7.229500114743132 487.44907159193417
7.23050011479063 486.9082051766348
7.231500114838127 486.4802320923844
7.2325001148856245 485.5237776012495
7.233500114933122 485.10285129292623
7.234500114980619 485.21646758104083
7.235500115028117 486.1926983711033
7.236500115075614 487.53664797707546
7.237500115123112 489.2985911193614
7.238500115170609 491.3294244595613
7.239500115218107 492.7150988681851
7.240500115265604 493.4528634518174
7.241500115313102 493.9241799852555
7.242500115360599 494.6331619170508
7.2435001154080965 494.4847730336877
7.244500115455594 494.0828610254983
7.245500115503091 493.33532282112253
7.246500115550589 492.46660573717463
7.247500115598086 491.59052356526234
7.248500115645584 490.8073383370836
7.249500115693081 491.0719978102839
7.250500115740579 492.0613330049564
7.251500115788076 493.30692012612826
7.2525001158355735 495.2537431848711
7.253500115883071 497.0746977092955
7.254500115930568 500.0209038385267
7.255500115978066 501.4509977582598
7.256500116025563 503.21799738637253
7.257500116073061 503.674359910032
7.258500116120558 503.9889557359395
7.259500116168056 502.9794107915702
7.260500116215553 502.4479754391855
7.261500116263051 501.63841374544126
7.262500116310548 501.5301443477261
7.2635001163580455 501.12676541425395
7.264500116405543 500.98558343793104
7.26550011645304 501.66452632719404
7.266500116500538 502.89663965434886
7.267500116548035 504.8090627057684
7.268500116595533 506.3849316336209
7.26950011664303 508.34570480999224
7.270500116690528 509.48078062234873
7.271500116738025 511.510489874082
7.2725001167855226 511.6809390168829
7.27350011683302 512.2774087526717
7.2745001168805175 511.13932264109104
7.275500116928015 509.97251295299094
7.276500116975512 507.5510200567087
7.27750011702301 505.8971621713385
7.278500117070507 504.0081274305641
7.279500117118005 503.89014418911034
7.280500117165502 502.9002845553353
7.281500117213 503.09170990922877
7.282500117260497 502.9851421387957
7.2835001173079945 503.8588748609622
7.284500117355492 504.5255299705821
7.285500117402989 505.17174649689116
7.286500117450487 505.12484414795784
7.287500117497984 504.35089915575765
7.288500117545482 503.38334906029434
7.289500117592979 501.92676010686813
7.290500117640477 500.61968334367356
7.291500117687974 497.90214943622016
7.292500117735472 496.0542165689599
7.293500117782969 493.5359879228329
7.2945001178304665 492.8019354779314
7.295500117877964 490.9629784029293
7.296500117925461 491.6397069725207
7.297500117972959 491.94215196305976
7.298500118020456 493.229618294111
7.299500118067954 493.42033702596666
7.300500118115451 494.2789156258516
7.301500118162949 493.92867183850404
7.302500118210446 493.9365996987615
7.3035001182579435 492.8750390044388
7.304500118305441 491.397612667437
7.305500118352938 489.53137350894656
7.306500118400436 487.83351037037534
7.307500118447933 485.71963309541104
7.308500118495431 482.921917744556
7.309500118542928 481.15644565342535
7.310500118590426 480.1346241963299
7.311500118637923 480.8658048493629
7.312500118685421 480.50382095401994
7.313500118732918 481.60150474588164
7.3145001187804155 482.10664536492624
7.315500118827913 482.89295962818534
7.31650011887541 482.86556301588445
7.317500118922908 483.25577952400283
7.318500118970405 482.36758809723494
7.319500119017903 481.5410387719059
7.3205001190654 479.8098407908431
7.321500119112898 478.04330335958736
7.322500119160395 475.9565725950387
7.323500119207893 473.9521219629177
7.32450011925539 471.8974081560549
7.3255001193028875 470.05344970726884
7.326500119350385 469.44874360713214
7.327500119397882 469.2006063959492
7.32850011944538 470.1208125195571
7.329500119492877 470.4861994456783
7.330500119540375 471.1935944922317
7.331500119587872 472.10166874066425
7.33250011963537 472.9204020775604
7.333500119682867 472.2252700890214
7.3345001197303645 472.348704813154
7.335500119777862 471.2819411401467
7.336500119825359 470.2920520951317
7.337500119872857 468.8942618693153
7.338500119920354 467.7974570546248
7.339500119967852 465.50826537462035
7.340500120015349 465.0528354975137
7.341500120062847 464.153349710687
7.342500120110344 464.7699095949597
7.343500120157842 465.154320645798
7.344500120205339 466.50449697067097
7.3455001202528365 468.4854394098114
7.346500120300334 470.39589776612473
7.347500120347831 471.4876180760435
7.348500120395329 471.8599601446318
7.349500120442826 472.28444416926277
7.350500120490324 471.5350504690409
7.351500120537821 471.16855389951996
7.352500120585319 469.6927936557466
7.353500120632816 468.54364944758055
7.354500120680314 466.7536161679309
7.355500120727811 465.79316049681245
7.3565001207753085 464.1887137363065
7.357500120822806 464.29317552829417
7.358500120870303 464.7708843661286
7.359500120917801 466.4261557018022
7.360500120965298 467.1207402375183
7.361500121012796 468.97466711332476
7.362500121060293 470.3976046349177
7.363500121107791 471.8963282995597
7.364500121155288 471.88584584695843
7.3655001212027855 472.16599208301307
7.366500121250283 470.9117795812723
7.36750012129778 469.4543122115299
7.368500121345278 467.64381207785516
7.369500121392775 465.91391728002765
7.370500121440273 463.7621154922173
7.37150012148777 461.6185748589412
7.372500121535268 460.21987109818264
7.373500121582765 460.5961298251233
7.374500121630263 460.7576829845175
7.37550012167776 462.12830650527883
7.3765001217252575 463.69374266807756
7.377500121772755 465.79472408511657
7.378500121820252 467.4052358687878
7.37950012186775 468.6321797509791
7.380500121915247 469.2183088427425
7.381500121962745 469.30459430971683
7.382500122010242 468.32897358923907
7.38350012205774 467.26644787966666
7.384500122105237 465.1997563825382
7.3855001221527345 463.6154333542302
7.386500122200232 461.31907810291074
7.3875001222477295 459.64010011883767
7.388500122295227 458.57452695606804
7.389500122342724 459.4457672416934
7.390500122390222 460.34537147532615
7.391500122437719 461.88797460861764
7.392500122485217 463.24541914085825
7.393500122532714 465.47872588121874
7.394500122580212 467.07796235040183
7.395500122627709 468.59603329333305
7.3965001226752065 469.64405815602976
7.397500122722704 470.01458721613335
7.398500122770201 469.07194484848475
7.399500122817699 468.3331361776554
7.400500122865196 466.70029294718165
7.401500122912694 465.74194241863603
7.402500122960191 464.1710367872864
7.403500123007689 463.13553278174004
7.404500123055186 463.042705885731
7.405500123102684 464.0169392951182
7.406500123150181 465.8798522212504
7.4075001231976785 467.9817928750062
7.408500123245176 470.5174912679722
7.409500123292673 472.2512991477484
7.410500123340171 474.01931777651845
7.411500123387668 475.45341726091067
7.412500123435166 476.51406138239014
7.413500123482663 476.6076801164629
7.414500123530161 476.57737979183
7.415500123577658 475.63032273716505
7.4165001236251555 474.15414801328893
7.417500123672653 472.23489448490886
7.41850012372015 470.2812737207187
7.419500123767648 468.7106835247873
7.420500123815145 468.4735527840524
7.421500123862643 469.6209570561936
7.42250012391014 471.6845309475587
7.423500123957638 473.70526694580866
7.424500124005135 476.86575926055997
7.425500124052633 479.44291200693556
7.42650012410013 482.3423122599723
7.4275001241476275 484.57156706052643
7.428500124195125 486.45365293755015
7.429500124242622 487.2602786705479
7.43050012429012 487.55041963233
7.431500124337617 486.76405561009926
7.432500124385115 486.31827848837906
7.433500124432612 485.62345614259283
7.43450012448011 484.78787153249755
7.435500124527607 484.70203981726365
7.436500124575105 486.47284264635226
7.437500124622602 488.2708791665263
7.4385001246700995 490.94611159199457
7.439500124717597 493.3316544997812
7.440500124765094 496.92866987714575
7.441500124812592 500.1202143932543
7.442500124860089 503.7138351026383
7.443500124907587 506.0929506465505
7.444500124955084 508.1294479754189
7.445500125002582 508.9642080625265
7.446500125050079 509.23722675799837
7.4475001250975765 508.62413336538305
7.448500125145074 508.1322237121273
7.449500125192571 506.754005088787
7.450500125240069 505.72964707464376
7.451500125287566 505.46989104517087
7.452500125335064 506.4695694482854
7.453500125382561 508.4106572865426
7.454500125430059 510.92952138601356
7.455500125477556 513.4197468132562
7.456500125525054 517.3802399804246
7.457500125572551 520.5530173858732
7.4585001256200485 523.3006047820543
7.459500125667546 525.8853303284752
7.460500125715043 528.106941089068
7.461500125762541 528.9738719515857
7.462500125810038 529.3565124844283
7.463500125857536 528.8381385236936
7.464500125905033 527.8363361765792
7.465500125952531 526.6627084020083
7.466500126000028 526.4373892622889
7.4675001260475256 526.0760969088676
7.468500126095023 527.2762397586531
7.4695001261425205 528.4005891474727
7.470500126190018 531.329163188489
7.471500126237515 533.3887792108659
7.472500126285013 536.9420469559303
7.47350012633251 540.0405729945015
7.474500126380008 543.2196651294754
7.475500126427505 545.1875708725054
7.476500126475003 547.0328698715578
7.4775001265225 547.9760415101384
7.4785001265699975 548.3470692039318
7.479500126617495 547.333007349646
7.480500126664992 547.0456020924087
7.48150012671249 545.3385443626297
7.482500126759987 544.558382070636
7.483500126807485 543.7211842871685
7.484500126854982 543.9853893053684
7.48550012690248 544.5282657449922
7.486500126949977 545.9271092633752
7.487500126997475 547.8328739017015
7.488500127044972 551.0392734874033
7.4895001270924695 552.5051757910717
7.490500127139967 554.6040099519319
7.491500127187464 556.1250685446133
7.492500127234962 557.5011031194898
7.493500127282459 557.29983574354
7.494500127329957 557.0389322458605
7.495500127377454 555.9775600853535
7.496500127424952 554.607654994366
7.497500127472449 552.5882665819174
7.4985001275199465 551.1715479706992
7.499500127567444 549.0134591641897
7.5005001276149414 548.3298046618472
7.501500127662439 547.9586672964923
7.502500127709936 550.5122375592068
7.503500127757434 552.054253807994
7.504500127804931 554.4598946323691
7.505500127852429 556.7873651518826
7.506500127899926 559.5502534268837
7.507500127947424 561.1051178949193
7.508500127994921 562.638123298631
7.5095001280424185 562.9912911945712
7.510500128089916 562.8324759038043
